1000
404,105,740
729,96,422
575,22,913
454,486,751
440,261,572
777,971,886
212,320,717
353,189,567
155,670,520
286,971,48
309,374,567
361,769,490
581,821,830
844,182,934
456,764,172
82,846,890
103,493,187
692,642,912
555,578,454
70,805,984
677,867,57
753,919,290
465,529,359
252,472,112
138,905,719
476,742,495
56,674,481
491,894,905
493,540,238
871,908,809
332,935,971
368,761,695
918,604,280
350,366,79
334,624,833
866,487,66
735,152,496
286,883,817
807,29,77
785,601,45
850,147,360
370,799,473
100,0,253
266,47,913
172,190,556
75,309,597
479,343,667
852,58,172
161,168,611
641,268,931
968,591,113
40,638,607
121,375,161
171,855,320
949,546,146
229,210,866
926,797,200
468,471,601
167,704,891
458,790,362
789,857,876
340,978,411
307,396,21
213,1,667
162,979,732
107,881,91
173,180,936
991,467,932
224,904,962
54,251,529
469,640,265
156,573,153
372,667,54
522,64,0
454,408,628
953,171,395
857,657,246
291,305,663
188,775,129
325,737,328
165,106,502
788,513,497
757,863,324
474,516,650
901,800,193
529,492,33
787,807,362
786,530,140
796,662,390
63,748,284
620,944,686
6,818,269
85,238,585
469,659,771
933,426,125
152,37,388
785,928,811
257,662,554
44,144,287
842,501,608
482,110,511
262,639,599
6,234,65
295,908,576
950,51,48
824,379,751
511,817,594
344,405,330
418,743,599
269,347,957
873,946,306
344,265,462
504,510,162
307,110,250
777,91,722
868,267,746
712,370,658
629,577,317
118,697,359
578,921,347
66,811,562
558,744,287
127,680,555
582,974,619
746,721,186
160,897,621
57,870,184
41,95,374
722,798,613
773,195,721
22,641,125
647,359,342
106,808,414
380,249,83
67,100,913
971,70,367
497,564,600
748,725,480
328,341,364
485,625,632
790,505,821
662,124,801
65,342,967
388,457,989
863,162,591
8,753,777
551,171,594
83,699,155
237,763,303
814,444,907
179,167,580
428,19,240
157,588,22
715,899,431
775,777,382
559,63,720
663,541,438
600,508,212
928,689,957
254,225,580
24,754,58
498,241,888
217,840,635
455,887,960
453,805,518
983,634,562
459,768,580
656,970,195
262,409,37
619,59,781
611,677,48
465,515,636
611,175,293
125,364,372
668,390,389
654,150,199
682,217,553
120,532,817
200,276,569
607,980,509
63,601,406
356,55,243
395,855,711
20,780,869
482,993,853
159,443,380
997,459,782
509,724,426
398,323,6
322,302,949
929,177,388
521,582,945
204,586,552
886,535,939
576,968,990
646,711,637
262,349,811
657,439,719
288,98,541
7,842,724
450,262,336
188,537,687
41,486,585
9,255,33
48,483,688
601,316,340
57,102,378
66,65,863
250,900,318
603,545,309
721,803,855
32,638,531
962,470,390
80,450,813
689,962,998
347,261,899
483,748,194
468,37,89
556,947,365
428,406,758
969,584,627
584,386,690
935,916,216
600,20,277
463,99,987
843,719,109
229,516,769
784,357,766
514,462,79
703,482,932
763,940,797
354,959,743
203,510,340
880,622,732
353,334,782
986,385,768
624,107,382
200,598,123
686,877,417
902,311,733
552,136,7
126,556,800
228,805,281
767,575,140
210,251,353
732,390,73
641,425,942
556,684,618
690,988,449
511,237,225
939,583,738
948,198,190
673,514,992
599,181,138
824,206,884
330,275,934
683,161,691
9,707,922
840,434,450
175,519,437
151,42,41
138,624,800
127,445,96
494,56,954
67,356,827
232,855,246
677,401,299
214,562,399
996,544,110
631,620,329
94,972,73
685,715,252
674,241,847
437,158,388
907,654,980
112,234,126
317,935,668
854,202,575
533,570,422
507,384,90
171,475,670
702,956,394
959,640,936
778,465,991
686,996,412
630,358,211
197,901,370
800,416,787
15,436,546
269,871,762
492,410,449
799,270,473
343,754,801
16,5,963
174,502,370
14,757,420
805,971,223
289,200,776
904,229,606
546,866,926
489,500,774
989,571,668
911,616,172
375,679,476
225,738,540
481,375,33
642,861,112
883,274,593
508,636,933
755,913,188
994,831,928
773,899,345
70,917,334
430,822,832
70,141,155
25,40,348
207,785,722
47,528,508
111,793,180
550,378,752
37,383,828
546,826,365
932,692,792
372,972,916
420,843,372
43,269,566
843,476,826
638,298,520
281,631,896
905,220,896
690,932,569
364,73,578
554,919,646
766,39,632
177,756,391
712,32,262
918,12,856
487,10,349
262,728,347
669,39,583
923,320,657
90,173,289
902,298,202
301,99,902
966,93,692
545,258,4
927,313,540
267,997,791
971,53,288
721,473,321
298,983,305
45,402,121
420,205,869
108,818,230
443,355,227
231,376,270
696,488,991
786,112,80
744,387,215
518,274,105
442,469,126
861,776,428
643,281,875
270,68,860
900,145,996
878,870,127
178,48,834
315,101,232
864,879,911
899,664,636
37,237,602
337,272,935
70,776,195
701,421,209
544,527,130
330,556,545
481,245,358
101,805,459
199,302,233
870,691,877
12,174,250
678,629,889
626,490,420
399,725,148
851,40,957
120,369,282
972,830,583
464,962,990
548,396,679
131,75,372
937,337,343
768,641,894
551,486,323
233,985,922
759,37,697
34,491,859
892,340,960
929,276,352
547,95,861
40,12,983
117,410,704
555,998,174
431,206,18
788,84,403
527,846,935
698,312,930
15,588,880
550,169,337
140,699,154
351,702,929
630,130,672
556,28,114
682,761,26
987,822,907
824,123,338
355,509,884
205,406,494
450,158,790
500,670,373
289,529,222
741,660,51
996,592,21
969,193,836
259,962,118
669,809,493
9,416,378
108,536,622
788,652,799
184,143,672
744,193,936
600,940,161
571,263,543
477,992,892
116,247,759
98,681,197
970,176,26
893,896,737
795,384,24
880,375,290
518,42,900
476,754,201
982,712,677
351,907,134
227,6,142
913,956,55
917,250,280
447,595,710
505,33,265
961,892,400
719,168,523
668,576,661
693,42,800
9,855,381
288,285,893
148,511,156
650,909,419
393,191,959
950,546,223
771,526,816
470,676,844
613,583,631
134,887,313
934,808,87
279,524,86
525,657,822
740,990,488
136,587,689
127,301,739
991,548,615
895,978,851
73,153,510
320,600,936
393,812,265
609,201,101
440,290,529
30,484,160
730,968,803
326,715,132
91,891,979
771,129,442
881,109,770
608,74,167
650,669,163
307,722,479
880,390,909
115,510,953
75,719,863
679,8,999
834,777,326
711,459,537
26,249,446
515,918,150
337,245,328
918,819,360
264,95,224
316,707,888
929,642,812
18,156,803
578,621,716
310,984,244