1000
725,786,932
613,137,365
685,91,693
937,716,358
921,892,889
609,582,747
337,786,469
433,322,734
439,702,275
921,300,468
814,908,821
2,420,213
459,922,419
13,351,818
143,397,748
157,410,504
339,871,1
943,859,622
394,359,948
306,858,857
496,775,933
266,599,124
426,927,807
136,332,734
579,635,506
682,713,580
463,45,53
686,450,627
970,250,795
225,938,652
599,561,39
678,12,467
360,418,737
17,102,5
860,663,621
851,817,128
803,386,128
998,917,490
475,480,541
971,900,756
238,460,119
738,412,49
477,780,175
825,595,103
116,238,606
252,577,881
708,902,418
822,924,730
273,134,115
860,995,606
743,606,316
938,364,853
755,899,593
418,455,32
89,195,946
485,146,685
786,479,642
763,660,706
425,205,804
727,673,498
535,3,452
973,289,793
430,104,767
549,709,158
764,803,973
740,817,76
811,456,374
371,653,871
217,122,230
975,580,987
402,495,139
919,153,174
499,650,637
875,47,739
213,893,553
710,309,665
458,318,330
542,159,643
535,413,940
541,956,728
415,952,7
935,480,732
355,396,804
928,8,640
839,907,356
170,168,320
52,137,766
668,225,875
430,162,488
710,162,601
619,423,806
291,581,492
585,348,759
540,495,318
902,419,689
735,288,33
87,73,53
290,466,603
448,546,169
792,46,532
412,234,542
28,885,574
877,481,965
522,824,359
413,862,99
279,841,280
265,845,623
986,442,704
131,326,855
533,389,21
787,532,260
247,382,567
291,488,36
238,187,984
849,26,710
668,687,154
449,627,967
960,541,548
161,375,912
72,389,579
14,663,178
28,356,437
622,806,370
359,743,723
233,363,781
639,369,247
533,259,235
624,621,44
879,865,738
937,521,661
518,329,21
820,661,48
727,953,325
202,623,922
627,367,102
367,276,978
961,93,991
750,414,877
372,640,29
56,316,142
462,294,915
699,829,89
998,604,319
912,126,87
411,343,916
172,672,207
10,510,658
519,877,636
865,983,907
985,57,899
933,579,512
612,396,517
933,18,859
241,794,266
481,121,901
486,340,56
803,276,235
640,500,738
677,939,543
22,326,79
279,726,51
648,452,992
103,395,793
817,665,812
571,911,164
974,266,435
285,458,695
75,591,221
904,197,16
106,152,299
264,1,91
567,330,784
51,102,938
864,973,315
675,522,119
53,14,275
141,268,195
179,490,389
166,305,426
156,376,670
66,327,262
478,39,549
661,932,295
702,250,749
528,166,332
209,506,826
931,803,314
71,226,486
138,714,802
150,779,530
59,159,493
73,393,701
144,540,441
269,868,694
768,803,639
312,851,885
188,151,125
927,685,215
148,461,494
936,659,473
87,962,402
262,898,442
128,391,482
40,104,178
886,427,785
585,507,683
60,516,56
852,613,302
460,872,503
594,677,253
23,958,408
162,244,235
670,20,463
120,3,336
897,473,876
245,594,592
483,164,490
64,726,23
963,808,605
787,3,639
681,357,364
7,489,646
566,42,61
291,877,613
888,911,868
9,293,169
634,463,796
717,770,88
637,294,744
545,298,184
706,225,858
648,748,779
784,848,883
258,725,20
882,494,980
355,709,581
564,107,468
520,239,953
690,98,417
524,273,112
610,313,615
863,960,895
290,697,450
492,118,995
572,448,660
679,614,90
939,744,207
804,680,793
476,887,483
820,944,864
107,748,309
537,491,342
390,988,222
140,790,87
914,29,298
887,351,881
656,401,326
488,70,896
807,629,773
775,446,721
23,565,459
956,137,290
614,203,573
734,378,249
586,721,293
155,723,529
284,567,231
33,937,873
512,940,726
964,888,779
799,218,301
919,227,997
14,942,517
642,59,175
834,417,935
29,560,357
33,76,790
280,368,461
861,507,445
349,276,966
526,563,224
466,126,503
441,841,303
708,337,616
203,144,164
557,328,412
468,226,267
604,270,219
896,424,180
283,644,578
144,921,50
128,648,408
663,676,954
370,336,797
411,198,84
75,948,611
989,497,628
628,61,691
516,59,590
701,196,357
293,558,991
367,438,907
281,65,262
327,386,825
179,814,123
184,692,66
524,314,453
856,171,626
628,787,271
32,567,141
904,378,788
381,834,490
489,104,903
81,66,872
313,506,660
420,9,949
345,186,995
208,398,973
658,645,8
836,56,247
928,939,716
975,792,232
673,752,285
286,396,519
880,501,713
727,630,229
98,555,374
34,481,901
735,457,241
893,551,148
229,268,659
167,430,481
533,577,377
788,896,220
536,900,282
675,655,8
494,963,518
105,42,550
627,586,933
509,77,31
654,521,307
939,773,549
462,922,358
595,807,535
338,971,24
503,990,871
244,535,972
856,339,352
728,75,358
795,608,639
985,89,759
614,532,458
704,493,312
241,531,864
198,628,784
236,776,904
476,585,814
851,125,309
672,554,350
658,878,419
353,630,359
640,584,568
687,704,958
366,292,788
291,297,792
29,17,936
455,772,827
572,367,812
625,789,22
581,40,619
934,969,820
755,331,210
614,877,167
810,2,25
498,41,150
322,714,923
142,63,262
914,864,347
267,787,274
987,883,270
75,356,314
87,56,242
177,959,845
514,292,989
415,595,33
598,442,322
104,850,545
761,969,568
502,932,185
103,775,216
587,33,52
404,603,308
85,990,986
589,768,300
880,612,280
493,483,402
131,313,496
97,95,674
204,944,368
852,286,751
752,70,403
714,313,749
192,76,740
536,563,520
609,525,58
528,832,714
638,222,860
887,448,329
609,537,991
25,660,382
678,336,23
325,886,693
625,382,527
4,747,270
595,303,820
823,333,644
349,352,468
389,249,422
485,555,10
534,602,270
46,97,272
117,90,476
247,102,112
619,390,56
898,61,298
819,293,909
746,304,383
345,775,454
357,916,910
14,776,251
577,137,360
856,237,48
214,346,149
389,624,794
973,428,164
893,581,975
871,255,578
757,692,516
22,962,202
838,745,883
880,65,499
872,834,34
871,331,936
500,532,82
791,703,955
264,810,885
125,853,951
920,165,998
350,829,28
647,145,142
564,338,316
935,364,615
215,918,728
258,792,121
991,407,230
574,254,691
795,861,208
698,259,602
389,448,144
705,675,70
403,706,261
539,875,648
655,151,988
697,473,414
765,174,942
148,114,715
25,893,761
76,91,178
973,468,813
801,354,362
813,33,621
461,190,590
227,847,636
278,118,405
338,451,691
250,224,823
231,273,418
693,745,887
932,371,97
715,757,419
784,289,488
376,556,770
550,745,269
326,902,414
53,109,814
103,909,665
963,109,293
238,591,391
151,656,955
5,81,393
626,981,37
969,429,33
17,61,25
867,714,560
162,470,966
357,609,466
167,811,671
523,498,695
973,842,960
918,872,948
697,470,479
374,44,851
772,333,40
704,670,136
929,493,296
956,254,868
843,507,775
755,607,344
335,332,780
789,198,786
547,946,156
150,860,842
843,579,48
551,334,142
48,6,29
574,635,350
286,473,500
844,9,83
380,791,648
193,772,452
655,618,920
613,482,441
869,380,611
460,412,709
956,272,621
417,217,46
519,713,399
309,130,761
761,3,809
455,942,683
271,351,844
922,174,671
137,970,491
380,933,190
123,630,249
73,385,247
375,476,78
549,145,261
795,481,446
694,29,965
948,825,419
400,224,523
153,437,889
53,169,526
340,827,277
238,31,486
759,24,902
547,287,924
789,655,274
686,153,901
844,927,425
762,694,232
661,971,31
564,935,11
627,940,82
17,790,110
21,546,720
883,809,91
251,826,55
200,508,287
50,785,335
91,225,514
672,785,145
200,234,30
274,738,950
577,158,463
626,278,529
759,195,773
58,375,756
781,123,179
307,445,37
25,722,784
601,982,39
136,757,446
604,378,331
518,908,870
593,653,281
281,393,734
695,918,153
639,57,721
878,893,292
840,647,161
459,583,768
203,855,580
884,400,821
203,824,92
527,629,968
832,512,467
155,62,206
522,980,882
926,91,404
353,102,194
202,197,603
242,710,855
63,969,683
625,74,893
891,976,918
181,197,225
322,544,505
446,323,727
899,895,947
218,733,224
841,42,217
448,410,874
239,10,258
290,802,215
974,619,457
31,354,770
557,511,189
381,959,80
640,823,83
552,53,926
843,12,779
747,50,640
199,370,310
143,694,500
339,705,728
571,864,273
590,200,965
547,62,797
283,387,706
111,342,328
396,903,514
300,778,807
254,454,80
574,383,549
608,64,235
557,452,733
947,441,732
506,343,520
185,246,371
320,583,810
157,47,285
771,504,108
223,498,132
183,741,193
21,438,11
880,960,364
213,95,845
608,228,210
281,900,419
915,797,853
934,339,328
971,87,740
678,670,568
433,319,521
649,894,260
175,73,543
707,651,44
756,867,751
549,87,595
381,297,479
519,453,716
540,910,887
748,539,848
920,710,885
165,591,91
285,228,787
961,623,894
693,614,926
844,818,196
395,90,40
277,616,643
272,825,519
221,410,531
573,381,211
230,986,673
607,20,408
224,774,724
726,685,953
559,85,604
615,211,179
116,69,38
188,292,36
801,494,624
20,130,428
894,511,915
884,98,231
978,555,229
623,633,952
403,752,222
107,287,635
319,39,793
753,32,678
740,187,788
881,568,358
34,612,194
856,528,142
795,184,280
321,657,574
756,620,191
188,641,635
917,131,324
168,486,707
289,874,795
262,739,638
870,772,141
555,473,48
826,398,318
92,433,919